10233 
30778 
30778 
30778 
30778 
30778 
30778 
30778 
43910 
26586 
33939 
0 
53690 
61772 
44458 
35902 
39246 
12835 
22607 
57657 
63674 
34889 
4303 
8637 
16778 
24101 
17518 
36681 
34767 
2229 
38916 
7225 
58311 
9255 
27284 
6092 
39050 
9503 
31500 
12227 
12271 
13019 
25735 
45296 
50148 
1558 
27509 
9917 
38538 
799 
14606 
52714 
45180 
48176 
33571 
47434 
20957 
29607 
45583 
55027 
18964 
61263 
59439 
28431 
25591 
42848 
8532 
14993 
59293 
25949 
48934 
46457 
4348 
9402 
29783 
48575 
40354 
31671 
15134 
61690 
1161 
20760 
26258 
54187 
4684 
15114 
61350 
60918 
53574 
59800 
34568 
64383 
46942 
12593 
18493 
53256 
54394 
8203 
9400 
29749 
47997 
30528 
61240 
59048 
21784 
43666 
22438 
54784 
14833 
56573 
45246 
49298 
52645 
44007 
28235 
22259 
51741 
28639 
29127 
37423 
47381 
20056 
14290 
47342 
19393 
3019 
52346 
38924 
7361 
60623 
48559 
40082 
27047 
2063 
36094 
24788 
29197 
38613 
2074 
36281 
27967 
17703 
39826 
22695 
59153 
23569 
8474 
14007 
42531 
3143 
54454 
9223 
26740 
62381 
12908 
23848 
13217 
29101 
36981 
39867 
23392 
5465 
28391 
24911 
31288 
8623 
16540 
20055 
14273 
47053 
14480 
50572 
8766 
18971 
61382 
61462 
62822 
20405 
20223 
17129 
30068 
53420 
57182 
55599 
28688 
29960 
51584 
25970 
49291 
52526 
41984 
59381 
27445 
8829 
20042 
14052 
43296 
16148 
13391 
32059 
21730 
42748 
6832 
51630 
26752 
62585 
16376 
17267 
32414 
27765 
14269 
46985 
13324 
30920 
2367 
41262 
47107 
15398 
641 
11920 
7052 
55370 
24795 
29316 
40636 
36465 
31095 
5342 
26300 
54901 
16822 
24849 
30234 
56242 
39619 
19176 
64867 
55170 
21395 
37053 
41091 
44200 
31516 
12499 
16895 
26090 
51331 
21669 
41711 
54740 
14085 
43857 
25685 
44446 
35698 
18056 
45827 
59175 
23943 
14832 
56556 
44957 
44385 
34661 
427 
8282 
10743 
52580 
42902 
9450 
30599 
62447 
14030 
42922 
9790 
36379 
29633 
46025 
62541 
15628 
4551 
12853 
22913 
62859 
21034 
30916 
2299 
40106 
27455 
8999 
22932 
63182 
26525 
58726 
16310 
16145 
13340 
31192 
6991 
54333 
7166 
57308 
57741 
65102 
59165 
23773 
11942 
7426 
61728 
1807 
31742 
16341 
16672 
22299 
52421 
40199 
29036 
35876 
21082 
31732 
16171 
13782 
38706 
3655 
63158 
26117 
51790 
29472 
43288 
16012 
11079 
58292 
8932 
21793 
43819 
25039 
33464 
45615 
55571 
28212 
21868 
45094 
46714 
8717 
18138 
47221 
17336 
33587 
47706 
25581 
42678 
5642 
31400 
10527 
48908 
46015 
62371 
12738 
20958 
29624 
45872 
59940 
36948 
39306 
13855 
39947 
24752 
28585 
28209 
21817 
44227 
31975 
20302 
18472 
52899 
48325 
36104 
24958 
32087 
22206 
50840 
13322 
30886 
1789 
31436 
11139 
59312 
26272 
54425 
8730 
18359 
50978 
15668 
5231 
24413 
22822 
61312 
60272 
42592 
4180 
6546 
46768 
9635 
33744 
50375 
5417 
27575 
11039 
57612 
62909 
21884 
45366 
51338 
21788 
43734 
23594 
8899 
21232 
34282 
59521 
29825 
49289 
52492 
41406 
49555 
57014 
52743 
45673 
56557 
44974 
44674 
39574 
18411 
51862 
30696 
64096 
42063 
60724 
50276 
3734 
64501 
48948 
46695 
8394 
12647 
19411 
3325 
57548 
61821 
3388 
58619 
14491 
50759 
11945 
7477 
62595 
16546 
20157 
16007 
10994 
56847 
49904 
62947 
22530 
56348 
41421 
49810 
61349 
60901 
53285 
54887 
16584 
20803 
26989 
1077 
19332 
1982 
34717 
1379 
24466 
23723 
11092 
58513 
12689 
20125 
15463 
1746 
30705 
64249 
44664 
39404 
15521 
2732 
47467 
21518 
39144 
11101 
58666 
15290 
64342 
46245 
744 
13671 
36819 
37113 
42111 
61540 
64148 
42947 
10215 
43604 
21384 
36866 
37912 
55694 
30303 
57415 
59560 
30488 
60560 
47488 
21875 
45213 
48737 
43108 
12952 
24596 
25933 
48662 
41833 
56814 
49343 
53410 
57012 
52709 
45095 
46731 
9006 
23051 
65205 
60916 
53540 
59222 
24742 
28415 
25319 
38224 
60998 
54934 
17383 
34386 
61289 
59881 
35945 
22255 
51673 
27483 
9475 
31024 
4135 
5781 
33763 
50698 
10908 
55385 
25050 
33651 
48794 
44077 
29425 
42489 
2429 
42316 
65025 
57856 
1520 
26863 
64472 
48455 
38314 
62528 
15407 
794 
14521 
51269 
20615 
23793 
12282 
13206 
28914 
33802 
51361 
22179 
50381 
5519 
29309 
40517 
34442 
62241 
10528 
48925 
46304 
1747 
30722 
64538 
49577 
57388 
59101 
22685 
58983 
20679 
24881 
30778 
65490 
224 
4831 
17613 
38296 
62222 
10205 
43434 
18494 
53273 
54683 
13116 
27384 
7792 
2413 
42044 
60401 
44785 
41461 
50490 
7372 
60810 
51738 
28588 
28260 
22684 
58966 
20390 
19968 
12794 
21910 
45808 
58852 
18452 
52559 
42545 
3381 
58500 
12468 
16368 
17131 
30102 
53998 
1471 
26030 
50311 
4329 
9079 
24292 
20765 
26343 
55632 
29249 
39497 
17102 
29609 
45617 
55605 
28790 
31694 
15525 
2800 
48623 
41170 
45543 
54347 
7404 
61354 
60986 
54730 
13915 
40967 
42092 
61217 
58657 
15137 
61741 
2028 
35499 
14673 
53853 
64543 
49662 
58833 
18129 
47068 
14735 
54907 
16924 
26583 
59712 
33072 
38951 
7820 
2889 
50136 
1354 
24041 
16498 
19341 
2135 
37318 
45596 
55248 
22721 
59595 
31083 
5138 
22832 
61482 
63162 
26185 
52946 
49124 
49687 
59258 
25354 
38819 
5576 
30278 
56990 
52335 
38737 
4182 
6580 
47346 
19461 
4175 
6461 
45323 
50607 
9361 
29086 
36726 
35532 
15234 
63390 
30061 
53301 
55159 
21208 
33874 
52585 
42987 
10895 
55164 
21293 
35319 
11613 
1833 
32184 
23855 
13336 
31124 
5835 
34681 
767 
14062 
43466 
19038 
62521 
15288 
64308 
45667 
56455 
43240 
15196 
62744 
19079 
63218 
27137 
3593 
62104 
8199 
9332 
28593 
28345 
24129 
17994 
44773 
41257 
47022 
13953 
41613 
53074 
51300 
21142 
32752 
33511 
46414 
3617 
62512 
15135 
61707 
1450 
25673 
44242 
32230 
24637 
26630 
60511 
46655 
7714 
1087 
19502 
4872 
18310 
50145 
1507 
26642 
60715 
50123 
1133 
20284 
18166 
47697 
25428 
40077 
26962 
618 
11529 
405 
7908 
4385 
10031 
40476 
33745 
50392 
5706 
32488 
29023 
35655 
17325 
33400 
44527 
37075 
41465 
50558 
8528 
14925 
58137 
6297 
42535 
3211 
55610 
28875 
33139 
40090 
27183 
4375 
9861 
37586 
50152 
1626 
28665 
29569 
44937 
44045 
28881 
33241 
41824 
56661 
46742 
9193 
26230 
53711 
62129 
8624 
16557 
20344 
19186 
65037 
58060 
4988 
20282 
18132 
47119 
15602 
4109 
5339 
26249 
54034 
2083 
36434 
30568 
61920 
5071 
21693 
42119 
61676 
923 
16714 
23013 
64559 
49934 
63457 
31200 
7127 
56645 
46470 
4569 
13159 
28115 
20219 
17061 
28912 
33768 
50783 
12353 
14413 
49433 
54940 
17485 
36120 
25230 
36711 
35277 
10899 
55232 
22449 
54971 
18012 
45079 
46459 
4382 
9980 
39609 
19006 
61977 
6040 
38166 
60012 
38172 
60114 
39906 
24055 
16736 
23387 
5380 
26946 
346 
6905 
52871 
47849 
28012 
18468 
52831 
47169 
16452 
18559 
54378 
7931 
4776 
16678 
22401 
54155 
4140 
5866 
35208 
9726 
35291 
11137 
59278 
25694 
44599 
38299 
62273 
11072 
58173 
6909 
52939 
49005 
47664 
24867 
30540 
61444 
62516 
15203 
62863 
21102 
32072 
21951 
46505 
5164 
23274 
3459 
59826 
35010 
6360 
43606 
21418 
37444