50 3
39 11 28 7 13 22 12 46 30 44 35 40 
41 8 33 
26 29 1 15 46 35 21 11 48 7 39 28 40 44 45 12 13 25 14 36 22 5 30 49 32 
41 8 2 27 42 50 23 33 

14 45 49 12 44 46 29 48 15 25 39 13 31 1 28 32 40 22 21 18 30 11 7 35 5 26 36 3 
27 47 13 43 12 10 30 4 38 11 19 39 28 
41 

43 
43 38 10 19 


48 22 38 29 15 39 36 12 26 44 35 30 43 28 19 40 47 7 11 4 46 1 13 10 
35 13 22 28 10 12 1 11 7 19 30 46 38 44 43 40 39 
6 45 3 21 18 17 31 
21 3 13 7 22 46 25 18 36 15 14 31 49 48 26 45 5 39 12 6 32 35 29 44 40 1 28 
1 39 3 45 44 28 5 19 25 40 43 14 7 12 48 47 36 35 11 10 32 49 29 30 22 15 26 13 21 38 46 
33 8 41 38 23 2 4 50 27 24 37 42 47 
46 31 16 6 15 21 1 48 29 35 3 14 5 18 17 44 40 36 22 32 45 49 26 25 
32 46 14 22 26 25 48 49 1 29 36 5 40 45 35 44 15 
28 39 11 12 30 13 10 7 43 
24 37 

13 14 1 7 30 22 46 40 10 5 49 44 15 43 29 35 48 26 11 12 39 36 32 28 
30 40 10 43 47 4 39 1 15 35 22 38 33 8 2 28 41 36 46 23 50 13 27 11 19 12 7 44 42 
50 
50 27 43 12 42 39 19 2 13 30 4 11 38 8 10 47 41 
39 11 43 38 1 12 35 10 28 13 26 40 47 27 36 4 7 19 44 30 22 15 46 
10 11 43 
45 21 3 25 18 
48 22 39 7 26 44 35 13 1 28 29 40 49 12 15 46 36 30 14 
24 37 23 
14 35 17 48 29 25 5 20 26 16 45 36 49 15 21 3 18 1 40 32 6 31 
28 7 12 46 44 22 13 39 
30 43 12 7 11 47 2 28 42 27 40 10 39 15 50 44 13 35 19 22 1 46 4 38 8 

4 23 27 47 37 33 42 41 8 50 2 
30 4 43 11 27 47 19 10 38 12 
7 13 50 35 28 44 8 2 41 11 12 43 27 46 23 38 33 30 42 19 22 4 10 39 47 
23 33 
41 8 2 33 
50 47 4 38 42 27 19 2 
11 7 46 12 13 19 43 30 10 39 28 22 38 
25 
28 12 22 7 39 13 


13 23 38 33 1 35 48 36 28 2 39 27 15 7 19 11 50 47 29 14 46 42 44 8 4 26 12 40 43 22 10 41 30 
2 41 42 8 
